6026956
6026987
6027055
6025241
6025461
6026600
6026559
6026320
6025858
6025956
6016175
6012333
6006783
6005951
T32615
6003304
T502120
T33981
6005823
6015437
6009215
6009560
6003120
6003054
6006812
T35764
6007319
6003840
6002308
6005924
6011884
T502230
6001521
6006826
6012863
T34615
T81058
6013300
6015683
6013258
6005934
6016177
6024868
6004514
6014032
T307809
6014975
6007292
6016179
6024968
6014022
6025086
6010708
T34012
6012712
6024806
6003685
T303224
6022313
6024855
6024250
6010487
6009180
6012189
6014837
6014850
6012839
6012326
6006376
6005385
6015112
6005045
6023419
6005241
6006233
6008373
6005231
6016197
6006197
6005544
6005030
6024573
6007331
6013858
6015260
6012533
6013260
6015013
6004672
6005718
6014819
6014725
6023801
6006147
6015613
6015490
6006510
6007229
6006469
6015476
6022136
6015868
T34466
6007718
6010574
6013946
6009092
T307404
6010343
6012494
6009544
6022112
6003231
6013713
6008851
6013188
6001624
6009102
6011688
6015616
T302181
6001222
6011581
6010669
6003590
6013053
6015753
6016162
6003113
T19586
6001553
6008571
6010687
6010430
6009816
6013619
6012711
6010163
6012030
6012739
6007890
6023775
T33266
6008074
6001763
6007815
6010206
6007345
6011464
6021990
6024244
6005260
6009774
6010727
6013399
6022396
6009326
6004484
6009705
T33635
6022362
6010921
6003780
6014166
6001495
T35769
T31884
T30339
6007788
T34957
6015806
T33260
T103294
T34612
6022557
T18304
T34066
T80708
T80489
6010135
T34203
6016029
T36600
T80971
T34502
T33200
T30330
T34422
T102106
T32995
T35862
T30823
T80093
T31204
T33796
T35429
6016135
T33135
T80727
6024417
T35496
6027041
6026663
T80148
6026668
6026667
6026619
6026876
6026988
6026455
6025044
6011812
6026584
T35613
6025923
6025847
6025810
6025698
6025027
6024689
6026929
6026608
6026849
6014582
6015266
6012560
6026634
T34514
6027083
6024441
6026998
6026939
6025580
6010903
T35147
6003872
6005567
6024165
6013607
6014820
T33842
T32423
T32965
6007886
6024713
6016211
6025091
6022371
6010002
T16466
6022290
6011069
6024702
T81417
6007935
T35380
6024390
6009946
T81745
6015597
6002886
6023742
6015797
T35119
6006099
6014934
6014832
6015497
6002201
T35009
6012418
6002363
T33344
6011067
T102263
T19991
T32763
6007892
6011622
T80525
6008204
T7042
6013984
T35630
T502316
T81451
6023474
6023452
6007516
T36573
6007976
6010334
T35325
6003733
T19955
T35830
T81041
T502242
6022598
T502127
6015202
T35332
T101896
6003323
6006985
6015233
T35288
T307677
T81953
T502101
6015964
6009393
6003007
T31485
6007696
6004758
6004521
6022577
6009741
6023965
6008687
6015862
6009928
6008113
6007629
6011291
6016065
6006453
6015693
6011445
6010626
6016022
6015839
6022067
6005502
6010639
6010341
6011303
T1175
6009657
T13074
6012215
6010951
6022301
6011223
6009241
6008450
6015853
6011708
6001613
T32675
6009894
6011149
6012479
6013339
6023403
6001837
6022109
6014288
6002765
6013750
6005108
6022042
6014104
6012621
6000786
6012549
6013651
T80277
6002126
6014216
T36664
6001520
6001333
6002016
6011180
6004264
T307729
T307794
6013400
6015540
6015269
T502463
6015610
6005048
6005834
6012406
6016108
6012596
6005022
6006257
6007321
6023786
6008695
6006157
6014809
6012736
6023346
6006427
6015209
6023927
6015533
6009787
6014392
6023806
6015519
6015231
6016171
6006693
6023429
6014578
6011971
6014421
6023682
6013197
6012546
6027113
6025519
6025237
6025467
T35946
6026342
6025903
6025827
6025843
6015960
6008045
6026669
6026687
6026594
6026564
6026871
6026800
6026664
T34646
6027031
6014670
6003082
6002340
6010832
6007985
6007137
6003944
6003164
6002793
6011557
6012277
6003747
6011618
6014873
6011644
6014450
6022612
6014705
6007286
6008302
6011657
6005897
6012130
6024241
6007741
6001967
6007952
6015743
6008950
6009688
6010351
6015834
6004843
6008332
6010537
6011272
6009838
T19408
6012213
6010960
6010775
6003858
6011429
6011609
6010144
6016192
6011014
6023920
6015768
6008097
6008631
6015864
6011771
6010464
6009265
6014983
6012488
6012789
6022325
6009067
6011057
6024746
6012159
6014377
6014880
6015206
6009027
6010166
T80736
6001289
6022162
6011201
6022398
6015271
6011415
6006211
6025120
T35739
T35347
T34258
6024686
6024860
6015197
6014359
6022395
6022387
6011545
T35818
6012451
6015071
6013212
T36767
6003425
6009515
6013670
T81634
6002356
6009898
6012993
6013130
6004895
T80336
T34890
6012134
T300836
6001839
6009707
6001619
6004266
6007034
6010930
T301608
6004890
6009923
6024334
6013291
6013218
6003596
6003329
6010950
6001823
6004501
6002850
T32611
T33416
T31293
T33596
T200499
T101116
T27034
T4225
T35592
T30680
T34126
T80653
T35090
6011375
T35918
T34767
6008066
T30979
6008947
T31837
T35018
T34304
T33314
6015465
T33861
T35227
6022639
T34506
6008489
6016097
T35294
T81707
6013013
6004418
6014400
6023875
6014525
6005722
6006050
6012230
6014641
6012564
6004540
6006594
6012298
6007509
6022503
6006339
6015565
6023784
6010676
6012878
6006273
6014601
6006967
6004929
6013081
6005675
6006909
6012943
6015186
6007069
6023946
6015355
6014548
6024640
6026362
6025579
6025969
6026560
6026985
6026960
6026837
6025962
6025941
6026451
6025898
6024387
6026244
6025774
6025821
6025880
6025587
6025016
6025443
6025092
6025043
T701001
6025919
6009391
6026865
6026193
6026620
6026732
6026891
6024798
6026141
6027122
None
6027075
6027102
6010000
6005925
6009365
6003030
6003385
6003591
6006948
6003913
6006803
6005847
6015109
6002436
6007999
6003089
6011532
6003005
6006653
6003170
6003098
6009990
6012132
6009008
6003306
6011848
6011648
6012181
6015721
6013280
6002122
6022037
6014069
6012960
T80471
6013696
6016215
T303225
6004427
6013097
6014415
6001923
6012762
6014465
6012438
6006608
6004864
6014767
T307387
6015715
6002741
6004520
6013004
6013370
6003249
T36475
T81832
6008891
6023359
T81523
6024852
6010698
T80683
6024869
6006597
T35516
T302428
6003019
6013372
6008177
6014283
6004401
T81978
T11551
6016001
6023970
6013311
6011250
T307807
6024849
6023877
6015538
6007933
6014981
6010394
6022429
6015392
6012378
6023554
6014823
6022453
6007427
6009301
T80432
6012899
6005230
6015196
6022240
6006626
6007329
6014528
6015602
6013795
6006941
6005214
6015557
6014060
6004910
6004958
6012557
6007147
6015391
6016164
6014344
6015474
6014628
6005386
6015431
6005819
6023871
6006927
6015029
6010733
6011128
6007554
6013360
6015871
6010457
6022403
6011394
6011516
6014986
6007584
6009081
6008174
6015021
6007477
6010329
6009810
6009287
6009473
6022492
6007820
6010893
6010285
6008297
6007939
T16397
6012127
6011007
6022410
6009035
6011109
6022458
6008502
6015920
6011459
T81494
T30268
T80666
6010810
T81167
T36635
T32559
T80091
6022613
6023642
T33256
T34838
T33253
T31164
T80518
T36107
T104102
T307647
T35126
T81607
T36291
6024576
6013629
6012614
T32946
T80638
T33315
T31955
T34572
6013115
6015789
T100993
6014839
T34034
6012319
6026650
6004995
6006962
6026314
6026198
6025822
6026250
6025511
6025546
6025487
6025694
6008879
6027067
6027008
6026596
6026961
6003785
6004917
6014606
6007086
6016167
6003018
6008205
6010786
6003316
6010439
6024570
6007095
6003343
6003988
T502251
6005762
T502001
6002791
6004000
6003062
6003417
T502369
6008504
6025428
T19900
6015685
6022618
6015674
T303440
6009047
6008896
6008449
6008285
6007983
6010567
6009282
6015989
6011315
6011399
6010995
6011235
6009631
6010794
6011599
6011051
6008197
6008561
6009479
6011780
6015700
6009780
6024951
6024176
6011838
6023599
6015941
6010037
6004407
6009166
6007119
6015571
6004248
6005577
6013844
6006399
6009999
6015302
6004908
6005691
6015174
6011942
6005493
6022641
6011923
6015222
6023432
6015348
6004947
6012373
6005207
6014147
6007109
6014113
6022329
6015254
6007057
T33668
6012801
6011979
6012180
6005354
6003945
T36141
6001376
6016163
6013146
6024443
6022264
6004862
6016007
6015368
T36731
6022303
6023942
T32497
6008593
6024677
6022173
6016129
6009609
6011673
6024817
6022235
6013376
6012804
6023455
T34929
6004262
6022141
6015867
T30164
6013037
T32572
T34868
T31261
T32876
T34774
T80582
T34896
6011076
6011918
6022239
T100932
T35633
T80084
T11481
T35290
T307666
T33374
T81415
T33207
T34226
T7267
T36297
T32424
T35902
T500141
T16342
6022590
T35264
T36603
6001798
6004920
6016136
T33644
T36275
6003718
T33984
6003232
6001651
6012772
6003308
T307350
T36052
6004960
T13385
6002320
6004410
6013724
6024141
6002389
6022393
6013051
6022120
6013321
6001792
T34423
6006575
6014252
6001226
6013098
6025764
6025980
6025979
6015055
6012320
6021981
6027116
6027133
6015051
6025983
T34250
6026957
6026302
6026275
6026300
6026207
6025830
6026838
6026823
6026917
6026649
6026495
6026734
T34724
6015795
6007080
6013346
6008013
6004322
T30401
T701009
6013823
6001534
T300897
6015992
6001231
6014340
6003686
6011777
6012748
6001843
6006732
T16388
6012810
6016100
T80099
6022040
6015045
T307167
6023785
6004013
6000832
6013732
T80968
6007695
6005320
6013604
6006049
6024688
6009050
6014784
6023933
6001295
6008270
T81150
6022259
6008267
6010646
6024080
6004220
T36535
6022030
T34984
6025030
6007492
6015142
T34077
6024703
6010369
6023541
T81062
6023450
6010417
6022232
T12085
6010624
6008303
6011070
6009597
6022428
6009676
6012280
6015785
6016057
6010522
6012289
6014057
6006809
6015748
T18034
6009862
6011987
6010060
6011833
T16360
6007967
6009351
6008723
6008007
T307308
6015804
6015574
6007746
6015819
6011662
6010295
6022003
6007688
6011871
6010882
6011629
T34665
T101081
T32642
T36227
T35725
T35788
6001302
T31005
T34586
6024844
T34236
T31026
T102482
T35893
T35082
T36278
6024537
T32446
6016172
6015634
T35011
T32935
T35897
6012401
T30882
T2471
6009968
T33071
T35295
T35215
T33907
T30777
T32618
T81582
T7276
6014516
6006805
6012730
6015214
6014056
6023989
6006347
6007577
6007196
6005692
6004330
6004426
6015173
6007038
6006389
6015445
6005637
6012223
6014027
6014611
6015017
6007050
T11459
6004829
6015005
6014656
6004821
6012610
6012220
6014536
6015124
6004765
6014593
6005217
6023960
6013171
6003547
6002817
6024567
T502277
6007348
6023475
6002261
6008098
6012328
6003971
6022143
T700969
6011928
6014877
6014023
6002417
6001937
6010592
6003321
6012164
6014608
6007317
6022789
6015160
6012375
6025749
6025592
6025537
6025692
6025731
6025517
6025489
6027065
6027128
6027088
6026942
6026754
T104037
6027018
6026311
6026243
6025836
6025862
6026621
6026656
T36436
6026930
6026729
6026818
6026460
6026610
6024887
6024972
6024988
6026933
T700517
6003171
6004875
6012353
6004924
6005039
6023411
T11461
T30666
6009520
6010532
6005036
6009332
6005401
6012744
6015244
6006790
6015297
6015923
6014760
6005054
6005285
6014742
6013978
6006413
6015498
6023479
T80998
T10154
6005563
6013856
6006185
6004112
6006115
6007046
6014961
6016110
6009202
6007840
6008586
6013985
6022315
6007634
6015647
6012122
6008348
6009125
6001239
6009482
6007704
6010954
6005540
6011321
6009620
6008109
6008412
6016059
6009052
T19835
6009423
6010971
6015705
6011800
6011460
6012777
6009285
6009958
6011372
6016043
6009729
6010211
6001261
6007635
6016150
T307215
6022505
T34168
T307755
6010825
6014345
T307810
6012700
6013926
6003247
T502146
T307546
T307511
6013776
6010093
6000929
T33500
6022150
6013959
6001148
6004241
6007824
6002309
6011919
6004516
T302398
6011703
6014615
T35477
6006664
6003982
6025374
6015102
6014689
6007248
6010174
6009555
6003341
6006042
6008454
6007041
6003756
6000943
6005730
6003118
6009197
6007055
6015025
6014942
6012089
6009619
T34089
6009385
6009766
6003753
6023500
T34553
6009227
6015141
T34628
6015887
6022006
6015671
6001454
6014902
T32498
6012307
6022411
T307195
6022202
6006334
6022245
6006836
6004907
6015000
6015256
6024690
T1247
6022433
T500072
6023292
T32731
T104183
T35996
T3217
T30444
6003865
T81834
T34052
6015889
T34746
T80590
T80492
6022471
T35992
T80807
T19501
T35721
T35341
T33342
T34363
T80543
T34558
T33351
T35115
T10173
T36252
T33027
T30160
T35407
6013063
T103021
T36783
6022588
T32385
T81569
6025928
6025945
6012405
6023809
6026958
6027079
6025779
6025832
6025813
9990118
6025943
6026497
6012429
6012504
6011420
6014385
6013117
6005531
6001868
6003238
T80949
6014299
6006618
6003099
6001150
6006517
6024252
6012973
6001312
T307285
6003264
6011789
6005032
6001055
6004252
6015851
6016013
T307366
6013781
6023756
6012858
6012716
6008726
6015637
6007926
6012283
6011286
6015760
6008703
T31766
T18244
6015813
6010673
6009205
6009915
6009481
6011350
6009653
6011835
6022578
6015815
6016053
6011844
6015792
6009528
6007848
6012196
6012093
6012269
6015122
6015999
6009302
6009121
6014075
6008015
6010881
6008536
6012625
6004614
6004243
6014955
T11304
6013970
6006559
6004250
6015611
6010931
6022620
6016194
6014826
6012914
6023726
6014815
6023788
6022554
6013194
6013939
6015283
6010333
6005645
6022731
6015090
6007007
6009519
6015129
6014485
6014393
6015341
6006428
6013709
6014136
6022482
6002412
T501171
6003932
6022632
6011230
6007979
6022593
6010239
6007173
6003022
6004031
6004006
6012137
6010446
T502207
6011635
6007727
6012454
6022586
6003327
6003173
6024242
6016174
6024711
6016004
6006914
T35649
6014310
6003520
6014591
6016050
6002452
6015147
6004161
6015758
6003556
6005905
T31550
T502157
6024801
6010448
6006763
6012511
6024998
T30413
6009854
6015628
6022213
6009442
6002106
6012400
T32496
6023886
6010900
6006188
6013263
T31927
T35747
T34445
T34714
T35784
T307701
T30760
T80837
6024491
T35680
T80328
6023719
6012072
T35651
T101351
T500049
T33823
T81243
6012715
6023870
T34846
T104032
6023754
T36367
6006275
T36461
T19986
T32803
T80105
6014535
T34830
T81359
T33402
T35071
T36575
6014338
6006484
6024644
6026628
6026700
6026686
6022569
6026653
6026902
6026582
6026580
6025939
6025972
6023957
6027051
6026366
6027035
6027022
6000997
6025840
6025885
6027112
6024984
6026614
6026670
6026689
6026674
6026888
6026801
6026496
6026577
6026528
6024650
6008800
6003025
6004100
6005943
6003138
6015356
6015531
6005402
T700484
6005029
6007309
6006596
6006490
6004592
6010505
6013945
6015441
T10068
6015514
6014120
6014028
6014374
6015220
T307800
6013703
6014522
6022497
6015362
6015152
6006810
6005783
6005900
6014997
6005827
6015251
6007103
6024647
T33414
6011418
6013665
6008398
6024800
6012365
6004662
6013912
6006650
6004505
6022279
T33178
6003717
6003257
6009936
6014963
6012978
6024858
6022194
6022256
T32850
6007228
6025395
T31852
T307441
6012446
6002361
6025198
6003174
T35586
6021972
6010773
6001291
6001480
T307453
T102902
6003324
6024142
6009733
6015517
6014308
6022029
T500712
6011900
6011652
6014006
6006158
6000907
6005440
6013706
6007830
6022041
6001474
T502011
6004011
6007561
6010844
6013041
6002940
6022083
6011676
6012917
6003533
6012683
6001932
6016173
6024563
6011576
6014008
6003647
6007270
6007770
6006919
6008508
6003057
6013220
6003538
6012147
6012489
T307699
6010269
6011702
6008937
6004896
6008201
6011162
6016047
6022581
6022369
T700267
6024681
6012036
T18305
6015709
6022277
6012229
6008533
6011613
6009257
6016102
6009296
6009127
6008115
6010886
6011062
6011501
6010332
6015944
6009353
6009768
6009490
6015961
6015874
T80835
T22156
T4077
T100918
T80692
6014101
T1248
T104048
T101474
T80399
T34743
T34901
T36222
6023426
6015564
T103350
T31342
T501865
T36230
6023739
T34323
T18385
T31148
T35171
T33262
6013025
T104103
T80124
T307217
6010164
T32050
T35823
T34371
T81284
6027030
6026971
6026981
6027071
6027180
6027412
6027096
6005814
6025838
6025850
6026204
6026899
6026558
6023566
6009111
6025921
6026438
6015061
6026394
6011132
T700069
6011400
6008159
6007928
6009048
6011894
6011645
6011237
6007458
6015619
6007685
6012252
6010996
6010753
6015771
6009547
6009895
6010610
6007888
6022600
6014055
6010758
6015952
6010937
6010115
6015828
6010320
6012169
6009201
6015877
6022483
6008501
6010562
T33564
6014257
6011226
6004827
6022082
6013049
6006616
6008563
6003929
T104179
6011551
6011318
6004286
6015605
6006281
6003796
6009348
6022038
6006246
T307535
6002266
6014464
6001654
T302160
6012814
6003058
6000917
6022454
6014737
T500869
6013273
6011954
6024564
6011966
6014261
T307548
6012774
6010327
6003326
6013270
6021989
6012050
6004982
6003128
6007371
6006699
6001689
6007194
T81786
6024632
6010663
6012606
6015367
6022144
T33912
6014228
6024864
T36499
6024178
6024865
6012595
6009313
6024885
6009330
6024904
6023657
6022148
6007063
6006822
T19873
6007039
6024157
6008684
6024978
6022306
6014275
6015019
6024975
6004299
6012349
6023330
6005300
6012414
6001889
6006993
6004496
6006295
6023329
6015088
6015188
6009988
6012998
6005143
6007162
6009104
6008662
6015273
6005075
6005002
6014991
6006213
6003169
6023596
6013737
6012080
6015566
6015240
6012922
6005630
6022321
6007125
6014874
6007986
6014710
T82074
T2221
T35741
T34092
T35385
6013215
T3214
6004438
T36441
T81319
T36337
T307151
T80258
T32240
6013085
T80695
T34396
T34766
T33304
T36152
T34821
T32693
T80811
T32189
T32955
6002431
6005615
T33280
T33492
T35359
T35852
T35160
T35797
6024477
T34356
6008603
6026863
6026647
6026822
6026720
6014362
6026481
6025788
6008405
T102478
6025606
6025501
6026938
6026949
6026372
T80137
6026615
6012709
6024209
6008319
6004990
6006508
6023406
6023608
6002167
T701315
6014928
6005479
6006535
6023807
6010949
6012991
6015396
6014519
6014646
6015603
6004822
6015492
6024021
6005046
6015176
6025221
6006297
6013729
6015304
6023738
6023552
6012228
6005713
6006566
6014849
6003609
6024652
6001865
T82002
6022251
6004374
6011017
6021977
6012867
6003845
6024957
T34069
6025409
6022189
6006357
T35019
6007855
6024102
6004091
6012168
6022281
6002610
6024992
T81824
6009387
6011264
T34178
6014678
T36492
6006288
T33380
6024016
T30425
T35570
T32020
6007096
T36397
T32505
T35839
T32479
T31470
T36646
6023408
T36014
6014449
T34312
6007478
T82029
T31093
T36355
6007459
T33604
T80106
T33713
T7247
T21019
6015987
6013153
T8090
T30549
T32708
T80567
T32678
T102255
T34142
6011199
6007298
6010100
6003734
6014662
6014663
T303214
6022058
6003141
6011124
6003361
6011130
6009382
6014905
6011855
6022302
6008139
6003357
6011510
6014895
6008020
6011331
6022091
6009989
6015837
6022451
T36081
6013182
6003613
6002401
6012194
6012680
T33603
T301023
6004974
6014855
6014848
6005303
6012773
6008182
6001338
T200537
6001749
6015741
6013351
6014673
6001342
6013364
6000776
6008190
T11558
6011487
6016000
6007991
6010915
6015625
6011543
T13327
6007769
6006478
6009200
6015954
6010259
6009129
6014040
6016038
6009279
6010460
6007838
T18360
6022378
6011477
6016006
6011596
6009264
6009007
6015727
6008702
6006220
6009876
6011834
6010534
6009818
6011187
6009640
6025460
6025233
6025691
6025973
6025936
6027049
6026946
6026970
6027009
6026937
6027024
6026623
6026457
6025765
6026307
6012360
6003010
6025884
6025867
6027085
6027084
6025488
T16417
6025240
6025831
6025888
6026321
6026360
6025937
6025949
6026835
6007214
6026908
6026691
6026723
6026641
6026572
6026593
6026575
6026959
6015970
6025045
6015673
6013971
T35163
6024559
6004295
T307413
6013851
6001842
6001614
6022098
T303112
T300976
6014112
6014181
6013050
T307582
6001094
6010905
6008312
6022015
6022462
6001199
6015463
6021987
6022118
T36533
6004399
6006870
6005218
6024575
6005121
T31524
6002430
6010625
6008524
6024832
T502374
6008784
6015034
6011374
6004129
6010033
6002889
6009229
6007940
6011512
6008408
6006119
6025372
6007662
6014761
6003931
T36097
6007453
6022127
6010215
6013000
6022276
T700907
6013981
6024871
6022261
6008349
6012165
6006922
6004939
6014984
6011514
6001290
6024139
6022186
6012458
6024874
6024326
6003499
6024985
T35012
6024684
6022013
6003038
6007670
6003914
6006036
6012906
T31839
6009793
T30106
6012205
6012977
T31903
T81654
T33870
6012255
T101878
6013344
T80639
6022363
6015205
6023945
T500132
6007277
T307607
6006663
T34592
6006500
T701025
6015504
T11324
T35137
6015298
6023442
T36684
T104162
T33109
6015444
6015247
T80575
6023734
T81161
6004346
6022790
6012841
6005090
6015316
6014438
T35361
6014033
T33788
6014556
6013944
6013326
6013254
T33292
6015321
6015590
T33037
6015361
T36755
6006066
T36384
6012571
T35585
6007368
6014274
T34141
6008105
T33606
6023306
T30845
6014879
T35950
T35250
6007127
T31513
6024135
T307569
T307510
6010272
6011383
6012058
6010581
6009914
6008664
T14119
T36331
6012467
6009811
6022012
6022108
6010999
6011888
T303118
6009090
6008262
6009110
6008499
6026012
6009422
6007777
6008123
6011059
6022489
6025230
6010304
6008516
6009463
6022452
6008021
6015873
T19993
6012100
6002382
6012387
6026544
6026578
6006429
6005624
6016067
6022221
6011216
6001677
T33246
6001660
6006538
T34996
6014709
6006146
6024140
6014294
6013012
6025019
T1223
6011071
T1203
6012959
6013828
6024335
6011495
T36102
T80572
T307752
6003127
6025153
6012163
6010230
6013598
6013924
T81487
6013730
6003653
T34537
6004842
6004660
6013682
6014440
6012807
T700364
6001025
6008549
T307211
6012939
6012503
6013102
T307499
6005362
T34097
6003997
6004301
6024361
6006531
6004676
6023407
T31147
6000949
6014380
6008667
6016089
6011589
6010854
6002607
6010158
6008298
6012067
6011430
6009381
6024279
6012253
6007966
6009045
6015971
T1196
6008092
6011154
6011690
6010757
6007814
6009682
6010650
6012013
6007472
6011060
6010690
6011292
6010355
6010392
T31656
6009964
T501971
6010714
6003154
6002269
6004856
6003237
6014700
6014636
6010617
6003374
6002959
6004170
6002184
6011614
6007287
6003338
6003963
6009584
T501216
6003322
6003077
T18324
T81755
T36015
T36096
T32861
6023648
T22104
T35517
T34005
T80821
6023318
T34022
T33613
T34626
T4299
T32622
T80256
T104084
T35339
T34915
T100975
T500135
T30724
6015464
T36772
6013113
T80355
6021973
6022725
6014945
T35574
T35945
T35291
T500064
6010190
T36298
6024457
6005183
6006482
6013785
6012054
6015420
6024386
6014118
6024057
6003984
6015614
6004996
6023770
6012694
6006916
6011937
6013317
6006562
6012607
6008620
6022595
6005716
6023611
6003904
6023731
6023823
6013275
6012957
6023944
6012204
6014514
6008460
6006415
6006586
6022326
6012453
6025572
6025480
6025959
6025946
6026675
6027057
6026868
6026681
6026672
6026612
6027105
T35428
6027115
6026802
6027125
6025833
6025807
6025906
6023782
6027027
6008406
6027050
6024659
6003673
6024823
6024648
6011414
6011786
6015917
6011336
6009293
6008288
6023424
6008866
6009836
6006307
6016061
T1227
6010879
6012271
6008661
6003813
6002127
6016015
6010201
6009357
6009457
T13098
6015937
6008138
6015706
6015810
6022191
6009677
6011255
T13475
6008448
6006832
6012714
6006551
6014459
6004970
6022399
6004951
6006668
6007010
6002286
6004339
6023506
6012616
6015238
6007250
6015245
6014325
6015327
6008476
6015167
6015111
6023947
6023607
6003983
6023603
6014726
6023838
6014734
6004968
6004932
6012784
6015386
6012308
6005067
6015580
T35921
T35555
T2386
6007247
6006788
T35941
T34880
6005347
T35266
6014286
6006483
T80612
6008670
6015274
6013387
T81811
T80308
6006547
T32339
T30403
T30443
6024665
6008081
6011091
T35659
6012713
6022260
T35521
6005869
T36100
T80062
T101078
T307349
6010185
6006884
T36651
6006370
T36710
6007791
T36333
T35647
6009939
T36356
6014478
6024805
T33327
6023992
6012330
6011282
T36428
T35270
T30559
6015227
6022220
T34380
T307778
6006089
T502204
6014096
6014256
6004058
6001986
6013599
6007594
6011249
6014061
6022125
6013340
6014927
6016149
6012135
6004633
T501822
6001604
6002811
6006298
6012462
6011779
6013771
6001821
6004973
6006168
6013969
6003347
6011457
6008665
6003311
6013600
6012670
6002892
6003434
6016041
6001297
T307470
6007761
6012842
6022227
6007997
T31185
6003628
6014620
6002076
6009489
6014494
6002267
6025974
6025889
6025875
6026305
6025752
6026312
6026622
6026549
6026952
6001769
6016104
6026624
6026657
6026733
6027045
6026963
6026983
6026953
6026459
6025399
6027091
6027087
6025462
6025283
6025604
6024384
6024205
6026931
6026954
6024259
6008663
6003735
6011416
6003525
6010938
6015699
6022295
6010114
6008828
6007900
6007964
6015632
6022445
6010368
T307792
6010375
6010839
6015681
6009576
6009789
T16426
6015997
6008437
6009244
6011161
6011296
6011819
6011030
6009732
6011486
6011972
6014716
6011074
6008214
6012303
T34788
T31560
T34340
T36697
T104125
6022779
T35211
T19247
T81272
T34736
T30043
T36277
T33232
T200490
T34515
6016127
T35601
T31621
T7248
T32610
T33313
T33917
T34004
T35627
T33651
T502199
T35202
T81535
T100986
T35297
6016079
6015421
6003633
T36009
T33798
6024511
6004857
6022068
6002252
6014267
T303057
6014042
6022050
6014390
T302184
6011920
6004784
6024375
6004731
6001690
6013386
6023765
6024344
6001871
6003916
T32928
6001306
6023435
6013057
6003250
6012731
6013232
6001097
6012325
6023760
6012982
6014354
6002251
6011736
6003906
6011878
6004088
6005918
6014632
6001315
6002849
6002843
6008846
6003056
6003495
6008649
6003612
6002981
6011073
6007590
6010946
6010275
6009310
6003657
6003759
6007461
6015577
6004372
6012016
6006881
6004284
6006365
6023480
6012005
6022353
6014996
6013295
6004942
6015585
6015249
6012240
6004437
6022349
6006316
6015159
6006238
6012889
6014186
6005792
6015608
6006108
6015541
6007243
6015255
6005842
6007098
6016212
6010452
6015382
6013695
6024698
6013165
6011392
6004095
T34110
6001250
6007341
6024903
T35861
6016210
6024177
6015661
6024682
6011327
T32732
T307284
6012203
T32753
6025041
6022205
6022217
T35885
T80028
6006770
6025195
6005474
6013324
6010529
6014215
6024508
T35155
6025930
6026573
6025868
6025812
6025908
6026693
6026892
6026627
6026692
6025481
6027108
6027131
6009075
6016020
6024555
6027048
6026504
6026574
6006419
6011337
6011681
6005790
6002235
6003289
6002377
6003263
6003387
6004125
6002226
6003905
6003897
6007981
T35866
T502165
6002792
6003029
6003826
6008750
6007870
6003362
6007107
6003047
6002682
6009859
6009949
6010749
6011384
6009998
6007702
T31734
6015650
6010572
6010982
6010805
6008226
6009133
6008707
6007322
T27060
6011202
6022455
6008199
6011784
6009554
6015764
6011451
6013342
6009681
6022560
6011197
6001209
6012198
6010119
6011324
6011707
6015552
6009404
6010969
6015774
T34936
T81493
T102101
T36233
T36462
6012124
6022435
6016078
T31974
T34432
T80776
T32791
T33851
T81247
T34685
6023302
T35473
T100436
6015349
T104187
T34729
T16390
T35689
T80122
T35425
6015507
6011705
T81509
6016085
T80743
T33399
6015627
6015338
T36136
T35212
T31842
6024861
6014328
6010530
6015926
T30717
6006218
T36139
6006581
6024062
T33006
6024856
6006210
6013401
T307386
T30640
6007232
6012870
6014943
6010387
6025080
T81768
6012979
6012887
T34747
T81887
6011032
T36301
6010165
6013721
6005559
6007448
T32052
6001431
6015983
6013357
6012431
T19852
6014221
6012822
6004214
6007179
6006250
6004153
6022501
6001426
6012846
T307251
6004247
6007799
6003454
6003552
6005583
6013279
6001673
6013691
6004911
6004105
T10165
6002946
T104145
6005512
6006310
6023430
6006710
6011945
6004253
6004357
6013164
6004508
6015350
6016203
6004926
6014253
6005044
6015310
6014349
6015480
6007116
6016208
6006102
6014309
6015448
T10066
6015529
6004556
6014883
6007385
6015389
6007145
6014858
T701017
6013860
6005833
6015234
6004558
6025743
6024991
6026209
6025853
6025882
6026395
6025985
6026391
6015075
6027185
6027181
6027086
6027415
6026076
6003183
6026975
6026976
6025622
6025560
T80892
6026508
6026436
6024708
6012356
T303218
6026846
6026894
6003435
6026707
6026904
6026643
6023405
6008140
6026716
6026696
6025958
6025966
6003346
6009243
6025863
6025816
6000887
6025686
6025485
6012101
6009464
6014054
6010009
6009224
6011466
6011790
6009340
6016049
6009083
T13364
6016052
6011293
6015855
6010143
6011261
T1187
6022345
T307385
6009769
6011669
6012045
6022457
T19874
6008472
6008194
6016080
6015788
6008041
6011574
6015884
6009834
6007699
6001702
6015754
6003667
6011342
6012742
6013150
6001661
T307728
T307691
6001869
T302235
6009696
6002671
6014759
6001078
6011865
6004717
6012502
6001827
6024150
6012797
6001950
6003526
6012561
6004634
6022022
6012686
6022312
6024996
6013312
6010622
6021993
T700290
6001817
6024873
T36625
6001415
T502191
T700584
6024608
6012544
6010577
T36362
6010222
6012313
T36078
6014080
6014339
6009948
T33086
6024905
6001343
6012986
6013320
6012719
T36729
T104088
6015512
T32773
T303256
T32590
T34857
T700972
T34112
T35369
T80876
6015833
T81232
T36002
T36776
T35881
T101500
T30836
6022604
T31074
T36657
T36479
T81611
6014081
T34135
6012028
T30965
T34249
T33876
T80889
6014875
T34899
T100795
T80068
6023720
6005444
6013835
T36516
6005496
6006511
6022555
6014921
6024385
6014445
6015171
6016214
6007431
6014707
6015306
6023333
6014790
6013008
6024837
6010189
6004653
6022579
6014954
6012019
6006974
6024376
6005850
6013734
6022427
6023434
6003135
6006010
6022597
6024161
6022328
6010803
T502193
6003087
6003392
6005872
6012146
6007745
6003389
6003310
6007154
6007001
6006925
6014144
6006533
6009305
6003798
6014845
6012064
6002796
6003705
6009043
6003850
6003016
T307449
6008017
6026552
6026586
6026550
6026431
6026554
6024630
6026541
6026505
T33855
6023643
T32090
T36691
6008918
T80135
T34483
T102038
T13402
6022484
T36476
T30752
T36497
6016027
T80216
T32795
6014428
T81429
T36113
6007610
T30802
T35321
T32951
T80634
T34904
6023621
T81279
T33578
T35896
T31341
T34875
6012580
T30853
T36280
T32620
6016075
6008289
6009902
6011391
6011626
6016062
6008645
6011828
6013673
6009851
6015642
6023967
6010438
6015703
6023625
6011000
6010972
6011222
6008840
6012096
6008471
6009240
6010520
6011214
T35792
6009562
6008161
6015859
6007677
6023873
6001323
6010200
6007226
6010193
6009450
6015621
6009228
T81729
6001418
6022419
T300614
6003292
6024561
6001622
T307261
6025052
6001482
6012679
6022159
6001848
T307732
6022129
6002253
6003614
6002085
6014719
T700982
6022133
6004777
6009024
6012555
6002846
6012866
6013274
6024309
T33529
6005248
6022234
6013606
6002278
6003372
6010578
6010785
6025260
6013723
T307684
6011817
T30358
6024799
6008655
T19914
T19930
6011092
T32917
6025396
6024683
T81060
6010270
6022289
6009911
T35837
6022102
6014554
6012974
6022114
6008269
6015856
T101280
6013603
T502226
6010629
6003762
T502042
6001233
6002274
6010258
T501858
6008230
6009783
6011097
6010120
T700646
6003410
6011047
6006766
6011040
6007231
6003378
6014594
6003309
6003122
6007795
6014684
6014089
6015482
6007390
6013842
6023781
6015232
6005077
6004969
6023569
6004283
6015678
6004615
T81831
6014425
6006159
6024239
6014638
6022571
6023331
T35511
6015374
T80284
6005634
6015559
6006225
6005413
6011853
6024264
6005483
6014871
6004459
6015532
6014397
6014936
6005936
6013914
6026128
6025815
6025758
6026208
6026901
6026907
6011572
6026702
6027028
6027032
6026982
6026990
6026398
6025940
6026444
6015039
6009689
6027183
6027416
6026462
6026507
6025638
6025561
6025502
6023887
6012322
6006834
6015472
6014143
6016207
6022736
6012167
6015424
6005471
6014276
6023941
6013712
6015528
6023934
6004269
6014791
6013783
6013193
6005237
6013358
6012908
6015360
6014637
6015120
T11515
6013850
6007296
6015143
6004978
6024103
6006327
6005887
6022496
6014581
6013846
6006369
6007796
6011554
6007271
6011642
6015784
6008677
6015893
6022282
6022587
6009921
T307276
6009691
6009284
6015347
6011087
6015759
6016095
6011229
6011524
6010336
6010956
6010431
6009031
T13353
6009541
6015639
6015604
6015670
6008280
6015928
6009513
6014076
6024548
T303188
T33696
6022019
6003315
6014220
T35981
6023761
T34476
T36694
T36104
6014466
T500068
T30421
T16418
6003489
T11450
T35408
6015777
T35654
6006423
6013843
T102503
6021995
T34831
6022116
T36232
6012481
T32789
T32493
6012946
T31020
T33562
T500108
6013061
6015330
6012734
T34107
6004371
6001581
6023759
6022032
T80540
T34891
T34902
T81940
6014278
T36752
T36727
6007525
6014272
6004775
6024792
6013365
6008736
6009595
6015938
6007081
6022308
6010842
6004151
T34161
6012259
6023968
6011449
T30608
6024892
T33480
6006409
6009802
6022236
T36022
6022200
6025115
6024705
6025114
6015550
6011621
6011889
T33073
6024997
6003066
T502287
6002187
6010475
6014793
6004104
6011981
6005484
6010675
T502119
6002608
6014931
T303347
6003645
6003107
6003102
6005417
6003437
6002260
6011915
6014838
6011792
6025131
6027063
6026581
6026601
6026502
6024924
6024649
6025861
6025824
6025907
6025920
6025976
6026885
6012348
6024822
6026632
6026708
6026652
6026583
6025612
6025500
6025535
6025554
6025744
6025895
6025866
6025844
6026469
6025932
6025929
6026392
6026367
6015037
6015089
6027179
6027403
6027052
6003615
6003729
6014563
6008643
6009049
6010182
T36106
6014886
6008558
6011816
6010890
6012038
6002459
6004141
6003033
6005487
6004149
T501897
6006170
T502075
6011822
6011027
6011640
6011482
6003334
6003776
6014577
6003140
6006757
6003167
6015018
6005278
6006627
6015084
6010721
6007710
6002659
6022485
6012996
T31975
6015180
6013167
6011379
6022347
6015358
6009418
6012493
6005339
6012086
6014116
T502453
6013867
6022123
6013088
6023482
6006481
6014342
6006824
6005458
6012129
6005679
6014857
6007315
6023808
6014888
6013717
6015403
6023456
6023797
6015413
6015494
6013928
6015402
6012262
6004303
6014770
6006300
6004038
6007600
6005099
6013831
6015388
6005429
6015003
6005420
6014093
T81954
6016118
6010755
6015667
6010252
6015675
T16411
6010994
6011236
6009117
6008231
6010204
6009812
6014948
6014044
6014078
6007866
6015225
T18338
6008669
6009611
6009286
6009557
T31686
6006361
6011275
6008233
6008459
6011402
6008527
6012004
6022599
6007911
T303116
6015947
6015935
6010975
6009261
6010496
6016035
6008793
6009005
6011072
6015799
6011138
6015736
6012150
6009747
T307495
6013368
6008037
6024172
6003397
6005161
T307309
T33963
T35243
6024420
6013359
6022196
6009742
T34600
6005137
6024760
T34148
6009258
6025078
6022140
6011276
6025076
T35717
6022293
T32836
6024676
6025410
6013187
6022504
6014586
6013654
6013847
T13328
T200561
6003640
6003651
T307596
6023752
T500255
T33835
6014901
6022164
6013639
T33162
6014172
T35164
6022031
6022716
T4330
T33869
6001861
6005408
6013967
6007811
T31207
T34924
T33743
T33992
6013645
T101440
T18130
6024254
6022017
6014255
6012032
6008988
6023653
6012942
T307734
T307201
T35771
6015280
T35231
6016184
T307821
6005162
6014297
6016032
T80332
T80593
T306405
T103836
6015677
6001242
6005245
T34166
6004097
T34391
6001467
6022372
6015527
6011309
T36619
6013656
6015688
T35560
6023936
T31824
T34042
6013155
6007774
T81254
6013020
6016148
T34820
T307435
6001770
6007737
T33539
6013334
T32342
T34427
6022354
6012601
6026820
T300685
6026831
6026845
6026889
T80495
6026877
6026679
6026717
6026044
6026129
6025588
6026514
6026439
6027015
6026966
6026978
6027007
6027026
6012363
6008056
6013011
6003003
6026557
6026943
T33982
6026728
6026613
6026661
6026660
6026316
6025789
6025873
6025856
6027039
6027036
6026973
6008819
6025270
6025464
6026467
6027037
6012500
T307231
6014351
6013396
6025202
T307149
6013318
T307724
6023323
6024261
6004059
6014529
T300975
6005431
6012746
6013977
6005253
6012666
6013784
6013228
6002937
6003330
6012440
6014003
6010887
6001272
6007227
6001696
6022111
6010097
T33639
T502294
6014747
6009710
T501866
6002270
6010117
6009402
T501821
6011213
6011617
6022054
6003360
6003817
6012118
6014940
6003000
6009749
6005389
6003313
T502319
6005633
6002026
6014211
6009908
6009755
6016092
6015838
6010789
6010967
6010495
6008976
6014989
6010447
6006087
6007794
6009866
6024678
6009273
6011011
6007893
6011106
6009739
T16309
6010367
6011115
6022400
T12092
6015417
6009797
6014074
6009366
6002284
6012314
T303111
6008227
6008069
6002908
6007360
6016156
6005836
6014624
6015236
6015399
6015198
6014229
6004175
6012380
6023461
6006009
6014781
6012791
6015337
6006728
6015107
6014169
6005050
6015267
6006749
6014757
T1130
6006040
6009101
6014766
6015365
6023940
6016204
6015158
6005020
6005442
6013864
6015499
6012315
6005093
6013840
6016112
6013341
T7301
T36149
6025096
6008948
T103284
T31336
6013017
T80855
6016034
6013070
6009932
T31591
6009080
6001348
T80415
6013174
T36217
6012087
T36382
6023736
6024498
T35595
T81829
6025408
T104196
T34144
6009922
6004025
T36677
T81278
T100938
6012497
6013087
6016025
T30796
6025085
6016074
T81497
6014146
T3195
6022231
6013001
6024167
6006873
T80505
T302150
6023601
6011793
6013642
6009376
T81723
6015335
6014313
T35196
T34920
6022179
T22053
6001300
T34647
6006035
T33274
6026927
T35883
6014736
6013169
6015284
6015066
6005092
6015458
6015426
6023616
6015629
6015615
6015400
6009993
6015423
6023459
6012556
6012675
6008599
6006208
T700949
6013940
6023865
6014546
6005317
6005103
6010797
6023280
6015121
6013853
6007339
6004972
6014778
6004754
6013668
6005074
6015076
6004358
6014655
6015493
6004987
6012891
6005655
6005681
6014573
6004811
6007873
6004883
6005969
6006430
6022594
T81351
6015581
T35334
T34551
T36509
T36231
T34578
T34719
T101083
6016115
T33396
T33188
T80822
T80005
T101038
6023303
T34477
T30825
6005191
T32785
T35467
6010801
T36244
T500098
T80015
T33431
T34953
T33738
6009951
T32873
T81601
T32018
T25002
T20169
6011995
T4296
6014411
T11408
6023409
6009986
T30943
T19419
T80300
T80784
T33061
T35665
T34721
T2419
T16055
T307530
6009598
6014956
6003144
6003805
6011974
T502053
6004133
6004185
6011100
6010311
6009214
6003293
T502330
6010796
6011454
T502203
6011528
6001847
6010205
6003745
6002834
6005977
6003987
6014985
6002956
6014917
6009012
6014995
6007418
6022582
6005990
6003043
6007374
T307574
6011438
6022115
6024562
6001337
6004231
6014497
6013923
6014602
6003684
6000937
6013135
T302466
6001576
6000816
6023721
6022035
6014363
6003214
6023818
6003271
6007863
6006752
6012754
6007367
6024144
6006637
6013951
6022076
6012535
6001208
6004333
6012938
6012412
6001122
6001409
T36778
6012721
6003475
6023454
6005623
6023449
T33418
T307266
6001267
6008610
6024999
T35675
6007274
6022002
6024872
6000909
6002375
6014394
T31694
6014746
6014676
6024619
6010504
T31697
6010697
T14183
6014097
6004424
6014072
6010696
6012987
T307753
6022207
6024854
6024863
T101463
6009021
T80092
6012329
6025107
6013086
T307536
6001434
6014660
6007003
6014970
T502366
6003804
6003938
T35621
T200908
6008648
T36742
6014442
6009532
6015951
6008641
6011417
6012025
6022322
T16241
6010866
6010898
6011741
6011177
6007307
6015803
6012688
6010356
6022376
6009022
6009275
6012079
6023950
6012046
6011371
6023400
6010415
6011559
6012294
6008469
6007765
6007818
6015331
6011594
6008444
6007645
6003665
6006166
T307426
6015563
6024697
6008224
6010079
6009419
6015968
6007919
6001527
6011152
6015894
6009685
6008859
6007540
6008574
T16167
6026742
T34660
6026911
6025911
6026712
6026881
6027152
6027188
6026585
6026501
6005513
6025772
6026213
6025809
6025876
6025776
6022601
6005820
6024807
6026172
6026042
6025786
T33626
6025538
6025497
6025603
6025528
6026396
6025918
6025951
6015057
6015070
6004679
6026799
6027017
6026972
6022047
6012376
6026996
6025200
6025688
6013296
6024434
T81446
6025745
6027078
6027103
6022380
6010671
6010281
6007449
6011377
6011602
6009098
6009029
6011163
6010034
6022351
6011004
6015655
6009709
T13355
6022311
6010908
6015820
6007543
6011334
6007946
6016056
6015757
6012043
6008165
6008904
6007652
T700995
6008318
6010691
6011872
6010472
6009805
6011651
6011423
6014439
6001347
6012390
6003642
6014145
T34128
6013825
6014007
6022556
6011461
6022077
6002199
6012461
6006679
6015478
6001398
6001597
6014148
6001704
6013330
6001118
6015467
6022502
6022025
6004221
6001635
T33896
6004090
6001877
6003935
6022265
T34794
T36672
T33193
T30877
6008135
T36649
T34574
T101973
T31794
6024160
T81295
6015511
T35929
6007474
T81423
T35536
T22143
6023602
6009937
T36090
T307692
T36415
T36713
T34864
6007175
T34147
6011815
T307703
T80974
T35330
T33883
T34315
6001364
T80554
6005041
6012729
T27047
6014785
6010780
6013701
6024820
6022287
T104144
6007871
T35710
6012276
6015243
6002402
6022324
6022161
T32535
6025208
6015830
6015169
T35525
6014341
6015083
T35775
6014540
6011748
6022181
6024450
T34762
6009974
6009763
6012047
6009213
6003318
T501832
6006486
6011643
6004004
6010728
6003129
6011541
T502004
6003092
T502062
6004392
6022449
6003015
6011141
6006630
6022051
T501906
T80520
6011099
6006174
6015138
6004342
6006938
6005284
6011998
6016152
6013640
6015007
6004474
6022615
T81292
6014864
6007406
6008705
6005852
6005720
T1136
6015272
6004988
6004985
6013792
6014295
6004277
6004977
6010851
6013676
6007148
6011898
6013285
6005864
6006901
6026928
6026768
6026847
6026935
6026605
6026701
6026617
6026463
6026604
6026947
6027034
6026866
6026450
6026218
6025877
6025820
6025890
6016201
6024148
6025476
6025578
6025082
6025499
6025608
6025557
6025520
6025536
6026920
6027411
6027182
6027069
T81153
6014922
6009897
T7125
T81691
T34927
T32912
T27127
T30193
T35940
T34472
6022727
T31190
6012426
6003075
T16439
T307674
T34149
6014640
T35307
T34589
T19767
T34563
T102264
T33357
T36194
T36251
T100928
T32746
T34223
T31939
T81477
T104138
T81221
T80319
6023416
6023324
T1213
T34942
6016086
T35719
T80595
T32279
T2215
T33560
6011308
T307521
T35495
T4339
T35855
T35809
T34642
T34088
6015808
T81281
6011412
6008321
6008327
6010213
6022327
6011996
6015809
6011569
6005547
6007536
T16428
6015483
T13396
6011277
6007496
6008236
6010997
6011713
6015965
6010072
6015921
6008740
6014050
6007901
6012347
6010469
6010684
6010911
6011515
6009196
6009339
6009456
6022481
6012123
6007675
6011603
6007419
6011147
6008126
6009304
6009643
6010523
6009711
6008811
6008763
6009888
6010713
T16313
6010309
6014242
6023958
6005288
6005202
6010499
T23060
6015589
6004217
6011026
6012238
T502498
6010036
6013160
6005066
6006340
T700479
6014259
6015462
6015333
6015086
6025212
6006584
6015172
6007861
6009612
6015286
6008360
6023441
6006587
6015312
6004397
6024935
6014859
6007397
6006971
6004918
6023728
6013947
6004955
6005795
6007235
6007713
6005862
6005111
6014657
6015258
6007547
6015636
6001311
6011893
6014831
6016200
6014292
T701027
T303217
T31144
6001924
6014878
6023848
6012898
6002242
6014222
6014161
6024982
6001230
6013374
6010381
6003534
6012538
6022121
6001884
6001740
T301605
6014168
6002890
6011691
T34207
6013246
T303311
6022094
6012838
6022304
6002371
T80173
6003209
T307564
T35037
6005196
6006984
6014454
6013111
6011798
6003172
6001846
6002113
6006056
6006027
6001958
6011573
6011851
6001429
6011196
T501807
6007552
6014691
6010686
6003478
6010113
6003364
T502278
6003354
T33485
6012012
6002920
6005114
6004154
6006949
6014834
6007384
6003336
T500976
6022719
6003349
6011864
6013740
T80435
6025126
6012573
6010607
6014652
6001370
T81264
6024661
6007763
6015442
6012290
6022199
T33939
6000973
6013093
6008539
T502180
6001420
6021985
T35673
T31225
6012879
6011328
6012002
6003631
T34754
6022294
6008258
6012297
6012760
T33450
6024883
T35584
6024888
6024979
6014674
6004423
T16473
T35100
T30143
6023597
6025760
6025031
6025783
6026143
6025865
6026841
6026851
6026903
6001812
6026878
6026695
6026718
6026827
6026452
6026503
6026440
6025805
6004408
6025953
6025961
6015053
6015054
6026984
6003763
6027011
6027029
6027005
6027016
6026087
6025748
6025724
6025803
6022404
6016130
6026556
6025899
6026206
6026299
6026303
6025825
6025802
6026306
6025553
6025493
6025598
6025564
6025527
6025545
6025516
6026986
6026369
6027040
6025839
6025964
6025938
6026375
6023465
6015062
6015033
6026882
6026850
6025987
6008072
6026794
6026710
6026826
6026509
6026916
T34037
T307805
6012389
6013067
T34923
6013832
6011939
6016145
6009852
6023487
6013697
6022262
6008255
6004114
6012548
6015257
6001657
6003376
6009663
6009072
T34768
6012422
T81236
6003732
6022142
6013687
6005991
6008268
6007762
6024977
6023880
6011354
6012201
T30409
6024578
T32735
6025391
6011684
T33821
6024572
6004060
6025360
T33612
T35875
6000855
6015191
6015153
6015323
6004824
6023733
6015530
6015314
T36621
6005080
6015395
6013021
6003728
6010298
6015212
6022667
6015592
6014017
6023457
6022608
6004984
6012508
6004752
6012433
6013986
T307267
T700505
6012370
6015291
6024088
6007456
6014617
6010762
6005381
6014553
T35371
6013283
6005289
6013176
6023921
6012929
6004224
6012195
6022060
6015085
6007079
6023867
6005890
6006272
6015452
6011858
6015259
6023617
6007595
T501823
6003270
6007120
6011555
6008019
6013380
6005870
6003083
6007318
T502217
6011287
6001886
6011306
T36453
6003956
T33218
T36245
6014590
6005671
6012116
6005704
6004027
6011859
6003042
6014833
6009585
6012027
6002004
6007676
6011901
6003121
T502195
6011668
6003386
T103959
T80276
T80020
T500040
T35700
T33323
T500063
T80622
T34921
6014117
T34143
T81346
T36248
T36437
T34728
6015275
6008956
T81548
T35381
T35435
T35822
T1257
T34062
T30073
6014579
T32270
6013714
T33681
6023321
T31303
T80082
T34460
6005532
T35505
6014870
T80523
T701031
T32350
T35734
T19957
T35558
T34604
T30144
6023453
T34394
T32419
T30227
6012955
T34311
T80449
6022192
T34947
T35853
6011289
6011376
6002918
6010608
6015562
6011034
6014020
6015720
6012278
6015746
T19907
6022388
T303215
T80952
6009096
6009384
6008564
6011570
6010871
6014092
6001425
6013786
6015773
6007758
6015959
6013666
6012768
6022101
6003949
6008582
6000846
6014062
6011665
6013961
T307335
6009204
6009342
6014444
6009842
6003698
6001688
6015419
6015668
6016195
6016144
6005498
T19151
6016031
6009835
6012407
6013749
6010707
6013746
T307562
T10181
6011991
6009622
6001403
6001149
6011983
6009468
6009403
T307409
T307480
6015775
6015779
6008146
6012792
6015732
6008716
6012577
6008272
6013065
6012776
T13395
6010664
T32221
6015649
6005106
6001224
6011715
6013649
6010101
6015526
6012495
6005001
6013241
6022444
6009752
6022414
6005140
6009832
6011428
6027148
6027173
6026051
6026027
6026144
6025596
6025756
6026599
T35286
6012367
6003701
6024352
6026434
6015044
6015069
6025982
6025852
6026381
6026050
6025720
6026211
6025879
6026309
6026271
6026258
6025762
T35198
6025761
6027097
6027174
6027070
6026589
T307210
6011107
6013224
6013333
6007325
T307205
T31071
6022011
6013046
6012529
6001083
6001309
6013389
T35015
6013076
6005286
T301556
T30410
T431252
6001892
6012817
6012724
6012698
6007941
6006277
6011730
6016198
6003438
6001741
6001421
6022113
6005591
T307593
6012782
6022357
6001670
6012859
T307433
T307653
6012425
6022267
6010184
6015264
6004490
6024174
6011157
6005612
6014890
6005571
6005447
6006670
6009019
6014243
6015252
6015300
6023812
6015213
6015127
6024397
6015177
6015185
6013974
6005107
6012185
6006335
6012179
6015385
6006442
6023304
6012514
6012444
6005735
6005073
6004793
6013005
6005084
6014347
6015607
6007308
6009645
6023849
6004828
6007056
6024164
6006931
6023619
6006404
6022723
6013937
6014037
6016186
6010586
6014409
6012355
6012983
6015373
6014933
6003053
6011949
6022052
T502115
6003477
6009269
6015014
6014644
6008060
6012083
6007545
6006060
6003918
6011335
6009216
6009496
6002938
6006893
6007657
6014924
6011778
6011409
T502211
6003760
6008311
6004147
6010160
6011174
6015010
6006073
6002108
6006380
6014780
6003021
6010524
T502095
6003388
T307506
T36131
T35316
6005903
6015210
T34798
T34822
6016121
6024848
T80867
T80176
6023620
T35114
T22140
T36463
T80722
T36380
6022714
T35156
T101884
T101943
T80758
T36753
6012893
T32106
T33988
T32630
6015518
6015858
6024494
T36593
6007998
T33210
T80246
T80624
6014822
6003070
T32751
T35208
T100456
T33501
T500119
T80029
T34865
6011808
6014512
T30264
T35459
T35815
T35698
T81583
6014738
6004630
6015823
6015682
6024913
6010124
6025411
6015409
T30225
T307247
6015829
T32704
T13476
6005598
6024597
6014150
6008515
6013841
6015487
6015008
T36680
6007004
6012945
T30942
6022070
6014647
6008431
6022126
6024812
6008601
T81545
6023293
T36689
6014287
6010668
6024235
T33059
6012547
6024654
6022160
6012638
6013231
T80585
6015863
T307763
T18129
6009470
6015844
6015902
6009271
T307710
6008598
6022666
6010435
6010536
6009078
T307437
T307757
6011968
6011761
6016046
6010030
6009175
T307343
6015805
6014041
6011280
6011340
6010720
6022605
T14054
6007725
6007889
6015193
6008525
6022463
6015924
6009916
6014496
6011649
6011544
6008464
6008116
6003464
6008131
6011054
6011035
6010084
6008248
6008826
6007947
6015786
6002532
6010986
6015901
6026697
6026824
6026918
T35749
6026795
6027020
6025854
6026873
6026836
6026630
6026842
6005012
6025491
6025590
T35995
6025515
6025518
6025581
6024617
6025697
6026365
6025935
6026633
6013129
6026662
6026890
6013089
6008198
T34782
6003178
T80271
6022085
6014012
6022033
6013120
6013255
6013931
6014462
6005133
6001561
6024045
6010632
T34125
6013310
6011389
6012350
6003262
6014501
6005369
6003427
6013838
6004029
6001299
6008170
6015265
6002387
6015002
6013818
6015146
6007031
6014431
6014240
T80969
6014036
6005448
6005051
6003619
6022394
6014764
6006906
6015380
6015578
6015292
6005294
6009790
6014346
6013395
6007239
6015689
6005998
6006263
6023675
6006628
6014741
6015572
6023439
6006973
6015113
6005646
6009025
6012435
6007288
6005932
6015237
6009259
6010324
6012010
6009327
6008690
6015666
6014926
6009226
6007804
6022460
6009477
6011667
6004742
6010934
6012235
6022568
6008343
6011319
6007996
6016055
6010032
6011692
6016023
6002396
6008222
T19903
6012082
6011403
6010236
6009627
6011183
6009443
6009678
6010709
6015626
6003297
T502143
6010352
6014348
6014787
6014492
6010229
6004119
6002280
6003529
6003109
6024574
6014016
6003096
T502072
6011509
6008651
6002236
6010379
6003714
6007027
6007439
T501999
6005647
T35292
T7324
6016132
T35274
T31959
T30855
T34575
6009734
6007379
T81063
T33675
T35817
T81016
T31647
T31395
T33921
6003072
T34644
T33227
6012696
T80728
6016111
T80098
T36511
T33487
T104139
6012793
T4321
6006131
6015036
6011588
T35944
T35646
T2430
6008583
T30711
6015701
6024009
6024664
6001281
6011931
T34288
T33856
6015751
T35915
T32592
6014753
6001487
6013062
6024802
6005582
6024653
T200644
6014290
6022726
6003927
6011879
6025145
6005589
6010253
6010389
T80014
6009039
T34814
6025818
6025891
6025909
6026313
6025473
6025226
T200834
6026735
6027098
6027061
6003632
6024821
6026565
6026590
6025912
6026625
6021976
6010919
6026994
6026940
6026932
T35214
6026726
6026769
6026611
6024258
6025968
6025970
6026458
6026308
6026245
6025871
6025869
6024796
6025458
6013173
6026934
6010750
6024946
6012233
6011434
6011506
6011700
6014298
6016042
6023316
6008706
6016054
6010547
6010768
6010395
6007845
6016133
6009906
T25028
6009509
6008108
6010990
6023744
6022619
6009152
6009375
6009784
6015734
6009444
6000826
6010300
6012088
6012243
6008863
6008300
6022491
T35618
6009975
T35631
T36192
6003079
6012584
T81501
T13376
T36399
T80547
T31980
T34184
T36536
T35003
T102469
T500059
6014881
T35583
T33255
T10070
T32167
T30944
T34889
T36017
T35688
T30149
T36532
T30903
T36153
T81860
6010075
T101204
T33948
T30750
T34375
6006236
6014677
6014841
6015378
6006800
T104171
6014237
6006256
6012589
6023666
6016176
6004846
6015438
6023843
6023639
6004986
6010837
6015344
6012143
6012704
6006968
6014847
6004280
T35187
6007106
6005891
6007047
6007382
6023444
6014358
6013921
6005793
6024162
T35813
6016181
T33358
6003288
6003737
6004638
6007937
6024061
6022010
6001388
6012769
6014053
6001326
6013203
6012904
T307609
6002732
6022034
6007875
6014979
6016076
6013308
6005009
6001525
6016005
6003235
6013007
6007473
6012665
6025268
6016021
6025087
T35554
6002091
6006274
6022270
6015672
6006152
6023745
6024696
T13346
T303352
T32943
6009761
6008428
6014876
6015325
6024980
T80293
6024914
6024439
6013252
6009660
6009298
6024870
6004554
6022185
6012737
6007129
6003044
T502104
6010735
6011794
6009863
6003375
6002145
6003358
6003279
6008304
6003241
6011639
6012074
6002996
6003697
6002766
6006613
6007133
6014435
6003060
6004156
6011079
6006801
6027081
6001586
6025845
6025819
6025781
6025790
6025978
6026924
6026638
6011883
6026913
6026862
6026775
6002144
6027002
6026060
6026127
6027392
6026955
6027178
6026562
6026567
6025556
6003008
6012361
6022772
6023276
6016155
6023277
6005892
6014835
6015183
6013055
6006972
6015207
6014534
6022656
6005004
6015318
6012357
6015567
6012559
6006366
6005209
6009521
6022090
6006635
6015123
6015404
6006879
6012006
6015250
6015379
6021991
6013830
6007299
6012988
6015027
6014972
6026468
6026446
6009899
6010782
6022285
6009720
6008358
6009334
6010571
6009319
6012172
6007823
6011608
6009469
6010600
6011661
6015376
6007500
6010966
6009955
6011192
6011378
6007930
6007415
6011170
6007994
6009549
6010717
6014179
T31736
6010249
6010330
6012245
6007641
6009632
6009806
6011015
6015945
6009962
6022028
6023447
6005091
6011585
6009873
6022297
6011362
T80217
6013919
6007252
T34939
6022203
6006388
T35851
T81506
6006085
6022364
T34078
6007591
T307168
T307444
T36127
6013775
6012011
T81307
6014612
6024973
6003078
6006306
6022280
T80440
T35914
T34354
T36723
T31226
T35793
T80607
T34958
6010635
T33849
T35236
T35240
T35892
T34652
6022715
T32834
T104148
T34036
T33568
T35716
T34585
T80514
6024579
T33089
T35814
T33491
T36589
6024266
T36157
T32283
T34833
6010347
6016139
6007312
6007083
6004176
6003911
6002411
6007177
6006198
6006524
6001656
6009170
6011653
T307203
6014505
6011465
6008257
6023817
6012066
6007801
6003298
6014720
6014853
6008886
6009453
T302116
6003266
6014171
6007136
6007644
6013209
6010316
6005089
T32213
T35637
6013954
6005556
6013863
6013091
T30364
T302610
6013720
6004655
6023428
6005613
6012972
6013741
6005246
6005423
6013652
6024081
6007759
6004872
T303193
6022023
6013611
6026893
6013114
6026658
6026682
6026631
6025878
6025817
6025904
6026317
6024447
T307442
6025244
6025470
8010018
6026561
6026607
6023473
6014550
6023789
6024096
6006595
6022314
6014312
6008346
6007351
6001873
6015270
6012265
6015549
6022373
6022377
6012821
6022386
6005773
6005350
6015502
6004165
6006308
6012582
6012513
6004665
6015031
6007257
6005005
6014327
6005534
6015416
6006509
6013963
6014552
6022638
T502367
6002967
T502311
6009773
6007692
6012035
6005908
6008997
6011961
6003137
6003023
6003986
6003331
6014702
6014576
6003132
6011361
6006820
T500826
6006681
6010076
6010049
6014165
6002137
6004194
6005572
6013314
6004915
6013643
6001646
6001489
6001685
6014024
6022153
6022092
T303126
6012975
6022272
6005182
6013726
6007438
6014777
T307775
T302101
6022071
6012569
6012845
6013728
T307627
6005453
T35636
T81419
6013152
T36155
T34228
T34606
TCLL0033
6008274
6009997
T81231
T36485
6022623
T81961
T500047
T30755
T36771
T31628
T80168
T32104
T34365
T30597
T103405
6014559
T35983
T33191
T34190
T34731
T33043
6011846
T33640
T33334
T81669
T19422
T14141
6022156
6009350
6023614
6022412
6015447
6016045
6022138
6013272
6022271
6012861
6009248
T31729
6001216
6013195
6011024
6015595
6010827
6022284
6015986
6011799
6024175
6001238
6012231
6015543
6014974
6011769
6009345
6015767
T35785
6001375
6010107
6001891
6015658
6024679
6011166
6009874
6012219
T80699
6013624
6009211
6006760
6009042
6014527
6008700
6006891
6011310
T103317
6024680
T33975
6009355
6015694
6011055
6009087
6022269
T700926
6027043
6024192
6024553
6027062
6026992
6026969
6025534
6025589
6025483
6001361
6012364
6025925
6025916
6025849
6025886
6025902
6022487
6013247
6027046
6008310
T303238
6003611
6004074
6001304
6001417
T27021
T307538
6014364
6013591
6022119
6003259
6023315
6022737
6012572
T35729
6011587
T307226
6004495
6003491
6012913
6024123
6014704
6005527
6010077
6004941
6009778
6001841
6006472
6013735
6015982
6009309
T34397
6009364
6011539
6009483
6011634
6011854
6008271
6012062
6010649
6008238
6007959
6011268
6014782
6010680
6015765
6004039
6010913
6010781
T307815
6015793
6008003
T19411
6015842
6008694
6006528
6015896
6016024
T27007
6010901
6022063
6015659
6010884
6022226
6009173
6006786
T35787
6025042
6014626
T34124
6013663
6024692
6007032
6012302
6024685
6003641
6014775
6011632
6012034
6012962
T33299
6013223
6006527
6022299
6014904
T701022
6010382
6011122
6001414
6025071
6022124
6003866
6024256
6014916
6006216
6004729
6008334
6012663
6023778
6015215
6005636
6015486
6006855
6015488
6005234
6015162
T502482
6004692
6015340
6015303
6013960
6015371
6013083
6014523
6005913
6006658
6007023
6014645
6024392
6006385
6012450
6005266
6015299
6005858
6003650
6015110
6013932
6024001
6013104
T80019
T307559
T36005
T35279
T31587
T81225
T31815
6023311
6008943
T35081
6012888
T81067
T36640
T30798
T31875
T32745
T36074
T81256
T33690
T34015
T100988
6011770
T35169
T2389
T33211
6014510
6015643
T34398
6023341
T81027
T19003
T102423
T81826
T33588
T33157
T3210
T501540
6011607
6007245
6011869
6009692
6002395
6022668
6014993
6024701
6009277
6003377
6002205
6003117
6003531
6024100
6002360
6011404
6010322
6014792
6008241
6014304
6003639
6026922
6027129
6015747
6026941
6026626
6026685
6026666
6026684
6024651
6026648
6026659
6026979
6027021
6026192
6025784
6004211
6025857
6025860
6026197
6025893
6025767
6025778
6026576
6026553
T36239
6013979
6015052
6015032
6012119
6013700
6001198
6024556
6001476
6014502
T700021
6004012
T701015
T31834
6005576
6004869
6012692
6012570
6002332
6012803
6016142
T307604
6024082
6013217
6006937
6013782
6022130
6003700
6007491
6001280
6009484
6004113
6001894
6001121
6022734
6022633
6014004
6003424
6013796
6013238
6009823
6007729
6003794
6013038
6012241
6014539
6003786
6010811
6011765
6006582
6026382
6014957
6014452
6004938
6002773
6006344
6015542
6015118
6003305
T34632
6005335
6006850
6012112
6003630
6005098
6006189
6015148
6015012
6007398
6007105
6007598
6015513
6004611
6002785
6015370
6009762
6005308
6013237
T36225
6005038
6014087
6003035
6012049
6005668
6014744
6006247
6010203
T502026
6015638
6007411
6007581
6007825
6009349
6008591
6014852
6015539
6012070
6005068
6007342
6006902
6022356
6007883
6013335
6022475
6006229
6014571
6012342
6022717
6002230
6006081
T502295
6015405
6023445
6005812
6014774
6006506
6010265
6006825
6003069
6006005
T33165
T502252
T502385
6012907
6001750
6023935
6015783
T35461
6024485
6022310
6022589
T34825
6009588
6025105
6003806
6007914
6022291
T80241
6004836
6007574
6013307
6024886
6012585
6022039
T31551
T307412
6008679
T36561
6025070
6013045
6001808
6015669
6014155
6022381
6024691
6009864
6016017
T31528
6008698
6022088
6002750
6014840
6003654
6012848
6001382
6006138
T35484
6005631
6026435
T102617
T36630
T31012
T31992
6023622
T80043
T36043
T34962
T81312
T500097
T34679
T80407
T34461
6025914
6016107
6016096
6024262
6004578
T34561
T34415
T32627
T34519
6015276
T35076
T35454
T31919
T81205
T35194
T33294
T80117
6010001
T36243
T36467
6023722
T34220
6012421
T32898
T33836
6025942
6023743
T80721
T27113
T101107
T2436
T33995
T34006
T35750
T81426
T7278
T33058
6022661
T35561
6022149
6009449
6013722
6011101
6023724
6011363
6010145
6015984
6022441
6011381
6010461
6010059
6008798
6011753
6008816
6010640
6022596
6015651
T25039
6007903
6010987
6007897
6007630
6008614
6008209
6009712
6009467
6009155
6009163
6016070
T31710
6009860
6008435
6011772
T13188
T12111
6008195
6008149
6023860
6011137
6014285
6011446
6009407
6010924
6010858
6015560
6015916
6011590
6008067
6015644
6025607
6025498
6025548
6025495
T33753
6026500
6027160
6027385
6026872
6026744
6026803
6026753
T33356
6026736
6026895
6026830
6026844
6026703
6026635
T701030
6021992
6026974
6026964
6024196
6012323
6027056
6027366
6027054
6026997
6027176
6026887
6026725
6026680
6026854
6026829
6026919
6026793
6026737
6026828
6026809
6025934
6025773
6004080
6025975
6015043
6015068
6026466
6013852
6023766
T35491
T35975
T101003
T102622
T102657
6010210
6010006
T80739
T33528
T11501
T11495
T307770
T35758
T36660
6013290
6015814
6023307
T36501
T32322
T307662
T33437
T35605
T35409
T81972
6012936
6014375
T32543
T81527
T34522
6024846
6009667
6022729
T32316
T7292
6014269
T7314
T35935
6014595
T31318
T34079
T200693
T36045
6006997
T16412
T27110
T16361
T32817
T7346
6014153
T35161
6011169
6011038
6012138
6009675
6011110
6014108
6009406
6010981
6015840
6022045
6009066
6009460
6015836
6011525
6023413
6015910
T13092
6007950
6022350
T14079
6008151
6010992
6012206
6022478
6010725
6011725
6007521
6011866
6011999
6010514
T302157
6010543
6010748
6009539
6015190
T19260
6007551
6015766
6015762
6011329
6024944
6008646
6007891
6009830
6015812
6009161
6009174
6023836
T35474
6009651
T36140
6006885
6014914
6015800
T31632
T36732
6025074
6005392
6012192
6010264
6007719
6013047
6005358
6010308
6005907
6022434
6023810
6022178
6006371
6014085
6011630
6006523
6024657
6014851
6015698
6022214
T34641
6004048
6015219
6014271
6014580
T31013
6001283
6006161
6009817
6010456
6025217
6010413
6006278
6004332
6011638
6022242
6012799
6014009
6002433
6004268
6014049
6003658
6002921
6012545
6013866
6001697
T34629
6004366
6004712
6006897
6015870
6001395
6014224
6001240
6014721
6012916
6001852
6012780
6005117
6004919
6002232
6009238
6014557
6001124
6004503
6024566
6021998
6012581
6014367
6006945
6012593
6014389
6014368
6008384
6009775
T307380
6006476
6012919
6022100
6004528
T502052
6014919
6003787
6011724
6011397
6011018
6003736
6003423
6003342
6002999
6011802
6009967
6003101
6003146
6011492
6016138
6014692
T35626
6011912
6002392
6003399
6012023
6002264
6014231
6016168
6005643
6003037
6003281
6006521
6005518
6015136
6006126
6003946
6007495
6004868
6006333
6010582
6006808
6013789
6006546
6022777
6006580
6012318
6006303
6015522
6010410
6014336
6005752
6014722
6005545
6005007
6012060
6014968
6014982
6023555
6022634
6013657
T1078
6015622
6007246
6014816
6013095
T33649
6010752
6013794
6003912
6023651
6012499
6023851
6015137
6004510
6015199
6015144
6012660
6015796
6004707
6012306
6012177
6005076
6015229
6014174
6003816
6014300
6013024
6023868
6023930
6026142
6026131
6025573
6025771
6026247
6025874
6025835
6025846
6025894
6025793
6025785
6026510
6024981
T80978
6025575
6025532
6025599
6025565
6025526
6025543
6025512
6027147
6009591
6021984
6007592
6007783
6026167
6025751
6026028
6025798
6026200
6025796
6025763
6027004
6026711
6026673
6026875
6026909
6026759
6026747
6026551
6026546
6013870
6026359
T303439
T33868
T33755
T7386
T101381
T36006
T33009
6016083
T35106
T32757
T101817
T19994
6012312
T34835
T700989
T80149
T80594
T82078
T81888
T34071
T34547
T34474
T303273
6012985
6015345
T700577
T31476
T35304
T32141
6026380
T36431
6022135
T33521
T36175
6016116
T103187
6023949
6003068
T30643
T31773
T80488
T34712
6023723
T80705
T31163
6012410
T36111
T35772
T30179
T30139
T36311
T36432
T80669
T35588
6016183
6002870
6013955
6013248
6005439
6012909
6014246
6004473
6003228
6003028
6004931
6005086
T301592
6022074
6024925
T33820
6004144
6013962
6014489
6012808
6012740
6022122
6003216
T34264
6004439
T80242
6012765
6015072
6015081
6015880
6012173
6012894
6013845
T81094
6014305
6001037
6014090
6012432
6010906
6001862
6015962
6001616
T200132
6001349
6001514
6013597
6004285
6021988
6006838
6014504
6014025
6015460
6023458
6014990
6006952
6006671
6006123
6006787
6007434
6004480
6015117
6009060
6006462
6005590
6007333
6022379
6005206
6005490
6003671
6014872
6004225
6008445
6015301
6015155
6013200
6001830
6012472
6015477
6015329
6024166
6013987
6006410
6006729
6022778
6010848
6024170
6023472
6004513
6014404
6014827
6014798
6010482
6006296
6006422
6007507
6014503
6012419
6006013
6022401
6003428
6015537
6011307
6010274
6011257
6009601
6015548
6015722
T27008
6022442
6009032
6022066
6011046
6014123
6011773
6007663
6015781
6008847
6008277
6011712
6010424
6010545
6011005
6007715
T18306
6007842
6008559
6015802
6010359
6009590
6011227
6023840
6009492
6016048
6013225
6011042
6022580
6024955
6015744
6010835
6022365
6011533
T13102
6022439
6015849
6007633
6015794
6008439
6015978
6015977
T19755
6015617
6015963
6015690
6022625
6007833
6016205
6024739
6011116
6025099
6014653
6022208
6012948
6022087
T30184
T33415
6008299
6006249
6009452
6015575
T33885
T32063
6003594
6022184
6024589
6013277
6024662
6010766
6014355
T35576
6022252
6010618
6022215
6007210
6022574
6014867
6008219
6025018
6022247
6011526
6005648
6004340
6014941
T33571
T32400
6007658
6003277
T502124
6014862
6004143
T502140
6003917
6014687
6003182
6011899
6004126
6011368
6005424
6003026
6006470
6003040
6014603
6003319
6011623
6011245
6009926
6010046
T35863
6003977
T500186
6005422
6007265
6014758
6003367
6006244
6007542
6006043
6005361
6013158
6003459
6003148
6026914
6001736
6026690
6026447
6026719
6026848
6025922
6026196
6025870
6025582
6026009
T34257
6025486
6025558
6014813
T34711
T35335
T36250
T307600
T33011
6014699
T35882
6009982
T33347
T35702
T32571
T30290
T30962
T16378
T33733
6023344
T35903
T35931
T33038
T36044
6013288
6014241
T34908
T81827
T500025
T81586
T307665
T81215
T34637
T32280
T35900
6024438
6007931
6011253
6022476
6015818
6011537
6004651
6007953
6008337
6022431
6009530
6011045
6010638
6011876
6011924
T16081
T307424
6008237
6015940
6022335
6010384
6012056
6015995
6022602
6015936
6011273
6015790
6007463
6009203
6022188
6014079
6008636
6011012
6015680
6011593
6024551
6009437
6002988
6005949
6015011
6003131
6006661
6006212
6014633
6003337
6011975
6007343
6003110
6003136
6005816
6012076
6022059
6010498
6011734
T501868
6014686
6007508
6010670
6008314
6001455
6022000
6022193
6022246
T307572
6024970
T31151
6015456
6004760
T81218
6001248
6010319
6011785
6005530
6022278
T35027
6025234
6022316
6025387
6014930
6025231
6010526
T35795
6011061
6004343
6014752
T36722
6024704
6014238
6011208
6012892
6005610
6011419
T302231
T303287
6012752
6001747
6007242
6004599
6009581
6012097
6012144
6022027
6022069
6009009
6001755
6014521
6023414
6022298
6024456
6015623
T36000
6003777
6002073
6009684
6022609
T34134
6025365
6012664
T303168
T301319
6013615
6012317
6015584
6005565
6015459
6005548
6006291
6015208
6014045
6014794
6006156
6015326
6004865
6024101
6004381
6004179
6006406
6022342
6014947
T11511
6005915
6012190
6005482
6015558
6006479
6015509
6006904
6025219
6015287
6022472
6004453
6005271
6005909
6006590
6015432
6026569
6026588
6026602
6001538
6026603
6003692
6022563
6022036
T32656
6025141
6025442
6025555
6026130
6021971
6012371
6026923
6026609
6026595
6026991
T35271
6025933
6026397
6026921
6026852
6026637
6027073
6027406
6027124
6009001
6005158
6016090
T501123
6015892
6014654
6013958
6014066
T31774
6025398
6013635
6001758
6006866
T81731
6007698
T36779
6013242
T32354
6003416
6022792
6001103
6010325
6025095
T303220
6014587
6023881
6013256
T35589
6011805
6016082
6016037
T33366
T32014
T30156
6016131
T31122
6015876
T30604
T33353
T2412
T35149
T80112
6014937
T35451
T81533
T33259
6024143
T35600
6024284
T80987
T81172
6011499
T34520
T101919
6006615
6008921
T80260
T80828
6012905
T32208
T2428
T33926
T36473
T35693
6001858
6013593
6023320
6014768
6012728
6001423
6023319
T302153
6013348
6013941
6007764
6003877
6012910
6006711
6013268
6002051
6024560
6002749
T307347
6016119
6016141
6001447
T300882
T307522
6007410
T30682
6024341
6000822
T307696
6014446
6010867
6004450
6012396
6009178
6022776
6005694
6005135
6005461
6006111
6005742
6012052
6006827
6011934
6004612
6015262
6015364
6008642
6015346
6005056
6006772
6023948
6006940
6013839
6014977
6006200
6013929
T33740
6011922
6023872
6005708
6005021
6004290
6015570
6005409
6001766
6006362
6014513
6003034
6007734
6022057
6009702
6002347
6006692
6010809
6003774
6003383
6003536
6005470
6003908
6007205
6014706
6010928
6003442
6005953
6010518
6006956
6005860
6003106
6022319
6022649
6010280
6007515
6022392
6007544
6011911
6009556
6008118
6008839
6015934
6010554
6015816
6011586
6006452
6011175
6010747
6002273
6015586
6022073
6007835
6016084
6009550
6015189
6011568
6009804
6010575
6011326
6009084
6008496
6022459
6009333
6015100
6008461
6007510
T12105
6010091
6025787
6025828
6025851
6025896
6003592
T80670
6024369
6027064
6026629
6026898
6026194
6024797
6025775
6026654
6026727
T104130
6025794
T33931
6012368
6021994
6025690
6025084
6025484
6027127
6027044
6027114
6026746
6026705
6026857
6026912
6026880
6026748
6026796
6025574
6024628
6026212
6025837
6025859
6025203
6025759
6025747
6027023
6027006
6026999
6026951
6025829
6025808
6026566
6025986
6025984
6025954
6015092
6015073
6026371
6003682
6026429
T33617
T7345
T33013
T80795
T104109
6012191
T81207
T104159
T81411
T36648
T35748
T32826
T35391
6024513
T80423
6016117
T33391
T33762
T33750
T34975
T31168
T30761
6011016
T100836
6015342
T81892
T81228
T30574
T1205
T80690
T80802
T36447
T36409
T33496
T35120
T34307
T19005
T30722
T32602
T80282
T30041
T30237
T102275
T19761
T34640
6010501
6007932
6006571
6013029
T34657
T30274
T34072
T4303
T32819
6008189
6008185
6016036
6011274
6009628
6009725
6009905
6011433
6011625
6006762
6010943
6010896
6022480
6009630
6009390
6007948
6016051
6022413
6012020
6008511
6010116
6010025
T13372
6011185
6011068
6003558
6015861
6014244
6008240
6010126
6009158
6007585
6011595
6003244
6016069
6007475
6011352
6009856
T700974
6008600
6022323
6008781
6007851
6015691
6010357
6009212
6022355
6010331
6025022
T33021
6022209
6025106
6014739
6015676
6012951
6011353
6010580
6024645
T80542
6022286
6014980
6024956
6024987
T36323
6024687
T80164
6012293
6007414
6010683
T34213
6022139
6025072
6011536
6012741
T18011
6012291
6003643
6000981
6013099
6009033
6010576
6004447
6008425
6011917
6015972
6004851
T32356
6009639
6024221
6008979
6007637
6022183
6015811
6023295
6008647
6009623
6003885
T303209
6014128
6015981
6013595
6001899
6013916
6013313
6012828
6022662
6016189
6014379
6004461
6004583
6010519
6013707
6001602
6001835
6007344
6016016
6002342
6008507
6001285
6003051
6022053
6012787
6012815
6014729
6012598
6012550
6006235
6001637
T301343
6012015
T307302
T1214
6014604
6013338
6022222
6008482
6010656
6007060
6022132
6022056
6003045
6007340
6011444
6011852
6004055
6024307
6003158
6005650
6007313
6003295
6009177
6003301
6005212
6006708
6010535
6004158
6002995
6002326
6003518
6003160
6007620
6014639
6015906
6015203
6014607
6010648
6011671
6014453
6004086
6006145
6002123
6016170
6004952
6015132
6012447
6023615
6015414
6015415
6023613
6015381
6022614
6007396
6007008
6005854
6004667
6014507
6014543
6015195
6015154
6023938
6007230
6015042
6015436
6010425
6006400
6007412
6015481
6005765
6004471
6012506
6007479
6015204
T11485
6013855
6005152
6005931
6014420
6014266
6012871
6006696
6012324
6016188
6012188
6008623
6015290
6015281
6015547
6007074
6013035
6005291
6014233
6014555
6012295
6026597
6026555
6025927
6025971
6010419
6024568
T501819
T500624
6002185
6010872
6003992
6008681
6006287
6011395
6011619
6010132
6007353
6009079
6003751
6003147
6003781
6003508
6006260
6014690
6006491
6002916
T500894
6013233
6010299
6007636
6012114
6021999
T200351
6007906
6009239
6011521
6009160
6012362
6008242
6010411
6010807
6022366
6007972
6011710
6010985
6010706
6009671
6016099
6010761
6012338
6008293
6011610
6009534
6015646
T13409
6012106
6008738
6008894
6024550
6015979
6009478
6015907
6007720
6011301
6022241
6022229
6000925
6024136
6016178
T34735
6024958
T33096
T33914
T8011
T34869
6015178
6002156
6016122
6022774
6015311
6014682
6014251
T33425
6013592
T30151
6021980
T31488
6014925
T80620
6014111
6025088
6007062
T101059
T434152
T32587
T103874
T502237
6023758
T35135
6007017
T35200
T2078
T102273
6015905
T101887
6006142
6003080
T35526
T80847
T34255
6015914
T36773
T80710
T35323
T31349
T33477
T31917
T30743
6015544
T36678
6022730
T34470
T33684
T2197
T35843
T104041
6015854
T34619
6002825
6014614
6014314
6003486
T307281
6013077
T81439
6012873
6003847
6002148
6004396
6013736
T302552
6001101
6001580
6010293
6013189
6001402
6006655
6001824
6011845
6012455
T35668
T36402
6016213
6022089
T302124
6015375
6015354
6013125
6004235
T307756
6007273
6006544
6014517
6014142
6022337
6016105
6023764
6013625
6011033
6015332
6012794
6006271
6006150
6014352
6022440
6023612
6023943
6005813
6012268
6023804
6016143
6004376
6009189
T502490
6007212
6006254
6005083
6011946
6012275
6016165
6013287
6025529
6025508
6025523
6024942
6025530
6025550
6026948
6026993
6024554
6009525
T33805
6025689
6026636
6026900
6026864
T34086
6004456
6027106
6027076
6027123
6026926
6023545
6013142
6014994
6006963
6013236
6022436
6011938
6013609
6005057
6006603
6009807
6007362
6014973
T500673
6012388
6023964
6009195
6015408
6022702
6005123
6015133
6013793
6022204
6004527
6022784
6005525
6005250
6023568
6016196
6015591
6015282
6006199
6015489
6015268
6011194
6007872
6015555
6009260
6008030
6010925
6015750
6008492
6011220
T1225
6010176
6016180
6009613
6015582
6011952
6008158
6009430
6011010
6015826
6009040
6009800
6007705
6008880
6009208
6022382
T16410
6008498
6002025
6022408
6007372
6011406
T12104
6010489
6010552
6010667
6011504
T35596
T33094
T30380
T35829
T36396
T34412
T36189
T33108
T33930
T34269
T101131
T35958
T31937
6015620
T30485
6010616
6022764
6013149
6014413
6014824
6015473
T101912
T35546
T34807
T80130
T32494
T31810
T36020
T34535
6024847
T32859
T80880
T80115
T80274
T36400
T81036
6025799
T34284
6013082
6005314
6007526
6022583
T33223
6024803
6024536
T30544
T35860
6025239
6024580
6009920
6014239
6025402
6022195
6024890
T23062
6014458
6025427
6024065
6012530
6011442
6025116
6013849
6012594
6011365
6003163
6011191
6003166
6010263
6025370
6003143
6014825
T500717
6002670
6014804
6011082
T81690
6003278
6002836
6004188
T500550
6003743
6003325
6009209
6008320
6003509
6011212
6023996
6003366
6010817
6016146
6014533
6012895
6000778
6010250
6025366
6001768
T32871
6004026
6004085
TCLL0034
T307402
T300978
6014830
T307400
T700576
6014950
6012575
6013071
6012551
6005096
6001845
T302140
T303221
6004291
6005211
6013298
6022635
6026449
6025897
6004289
6025864
6025826
6025791
6026545
6026456
6025948
6025657
6025562
6025504
6026108
6026506
6026587
6027408
6027109
6026910
6024552
6016058
6026543
6026465
6026616
6026886
6026860
6026721
6007469
6027033
6026980
6015060
6025952
6025967
6013373
6011742
6012507
6014391
6022007
6015752
6012868
6025364
6006444
T701012
6002272
6007785
6022099
6015702
6002339
6001890
6015598
6008202
6002005
T700960
6022147
6013822
6000915
T302155
T307719
6003825
6012874
6013294
6001477
6014262
6014856
6024534
6001524
6024835
6024440
T81480
6015139
6001356
6025404
6005274
6008528
6015104
6004522
6013677
6010388
6010240
6015985
6014382
6013819
T81868
6015313
6014564
6025104
6008468
6024115
6013664
6004239
6015875
6009236
6009335
6008424
6010339
6012009
6022391
6001353
6008053
6010787
6011114
6014301
6009016
T18187
6011008
6015882
6010821
6015733
6014960
6009606
6009795
6009884
6007849
6023793
6011993
6002767
6011193
6022044
6012274
6011410
6015756
6010500
6010366
6011682
6009471
6007682
6004032
6012411
6006874
6022637
6023879
6013010
6015135
6004674
6005370
6022421
6006802
6006418
6014887
6006888
6016206
6014812
6015664
6003795
6013230
6023827
6024092
6022724
6023802
6005307
6006505
6004356
6023308
6006905
6012182
6015182
6004714
6004966
6010397
T80477
6009777
6008546
6016120
6005193
T32315
6008295
T500071
T16389
6002823
T32453
6012395
6010307
T31079
T100920
6014609
6006323
T80740
T34884
6011641
6003114
T102150
T34999
T307329
T500780
6005878
6003032
T35923
6014217
T35065
T34627
T80997
6003391
6024549
6002891
T502372
6006083
6015495
T81748
6002249
T36093
6011285
T30338
6002344
6015523
T102479
T500094
6011758
6003287
T33705
T35819
T81291
6004057
T34400
T36592
6007679
T81699
6025872
6025848
6026205
6022791
6026644
6026437
6026743
6026915
6026699
6026833
6025490
6025768
6027012
6025509
6026568
6025563
6026592
6025242
6005979
6024389
6003775
6001896
6010503
6003344
6010888
6011242
6003049
6010208
6011729
6005926
6005500
6002822
6012000
6003125
6003683
6001703
6008407
6024710
6014509
6007529
6011811
6014988
T502339
T19966
T307735
6003936
6015663
6009280
6009207
6007949
6001334
6015860
6022430
6016003
6011312
6010984
6016077
6015976
6010833
6015847
6012018
6015878
6008556
6012044
6011877
6008347
6011039
6008058
6010620
6010063
6006864
6007553
T19759
6008833
6008239
6012075
6008630
6015201
6022317
6010220
6001279
6012618
6014844
6014575
6022079
6001787
6013972
6014896
6022151
T303131
T32686
6007528
6010874
T300246
6014487
6004228
6011095
T700946
6002390
6023314
6012197
6002093
T81546
6005321
6016161
6004998
T307467
6007752
6014302
6009665
T31540
T32007
T307252
T35248
T32775
T34793
T34732
T25031
T102880
T80047
T81581
T33767
T4306
6003074
6015484
T32971
T104026
T33702
6014572
T81057
6012516
T35930
T33392
T500095
T30426
T7261
T30226
T36500
T33978
6014214
T1236
6012081
T200473
6013208
6008011
6015885
T33999
6022341
T35742
6009431
6022048
6022210
6022359
6025001
T11516
T34979
6014114
6007722
6010134
6005327
T301386
6003994
T33070
T80993
T35388
T33140
6022360
6010087
6011988
6009256
6025386
6022346
T11493
6012902
6023866
6012403
6007446
6006242
6005378
6013259
6022437
6007285
6005626
6012286
6006091
6015496
6023443
6005771
6007550
6014800
6014260
6022775
6012758
6023725
6013973
6015322
6014932
6023610
6013332
6004429
6015151
6012175
6014249
6007293
6007118
6015832
6022565
6005255
6004799
6026962
6004308
6002997
6026195
6025811
6026315
6026246
6026191
6006868
6025955
6025977
6012392
6024179
6025806
6026114
6002835
6025792
6027110
6027111
6027172
6027373
6027053
6026461
6026715
6026840
6026832
6026896
6026760
6026879
6025539
6025531
T34898
6025547
6026237
6025841
6025883
6015221
6015067
6026341
6025944
6026379
6025947
6025900
6026385
6026432
6025770
6026126
6004488
6001745
6013227
6005160
6022131
6003332
6024558
T303318
6016199
6004275
6008440
6005703
6022097
6013965
6013381
6022104
6001664
T35762
6012445
6024707
6013918
6002181
6003923
6001276
T34261
6013032
6002747
6002756
6014247
6001785
6001645
6014131
T300666
6016193
6022107
6004889
6016137
T80988
T307720
6004826
6022383
6022426
6015942
6015850
T35699
6009727
T32637
6009644
6015824
6015397
6002089
6022307
T104061
6011084
6010421
T33962
6015994
6014095
T81797
6013199
6015161
6008732
6023609
T35540
6011002
T81599
6023776
T32792
6007922
T101164
T30720
6011259
6011119
6010161
T36395
T32742
6010958
6010868
6015692
T81467
6024127
T35804
T31170
6023498
T34155
6009128
6009124
6008453
6001874
T7075
6011611
6007465
6022663
6014268
6010396
T81084
T80286
6009730
T36234
T31518
T36213
6010013
6011048
6002362
T14208
6024539
T80839
T81932
6022493
T27091
6008925
T34503
T36249
6011437
T303109
T34576
T2398
T34784
6008589
T81169
T13411
T80163
T33843
T34000
6008179
T32073
6015662
6011978
6024699
T32360
6008835
T34609
T307477
6007126
6005794
6005688
6006877
6024388
6006530
6015455
6015411
6022340
6023869
6012855
6015343
6022081
6004909
6015359
6004417
6006460
6004740
6012398
6003998
6012109
6005100
6015501
6004300
6012007
6015187
6005579
6006195
6014966
T700065
T11040
6023491
6007387
6023757
6015288
6003758
6014333
6004244
6007470
6006289
6007352
6015966
6014102
6009088
6015556
6004673
6005142
6005726
6024044
6010380
6014688
6006567
6014599
6025197
T27125
6011601
6022230
6004840
6010083
T32981
T700970
6024633
6024655
6012591
6013069
6022257
6008339
6006758
6013857
6011624
T33424
T2225
6010916
6001390
6015596
6007366
6024922
6007042
T35444
6013772
6023929
6011969
6022566
6001391
6011695
6014284
T35464
6014998
6007563
6008509
6004783
6010869
6002949
6003048
6011637
6003830
6010062
6003265
6007691
6014622
6010493
6002422
6011302
6003084
6014416
T502100
T500927
6014821
6014629
6005414
6004174
6005754
6006149
6006113
6003348
6003095
6003105
6006987
6007836
6025373
6011861
6009051
6010111
6011806
6010596
6003094
6009878
6001820
6027003
6026967
6026548
T307246
6026709
6026897
6026677
6026745
6026839
6025915
6026884
T307363
6014064
6022603
6009299
6011427
6022228
6015718
6010815
6010850
6009235
6008522
6012059
6015730
6008193
6008567
6007043
6012310
6010991
6023963
6007806
6008287
6022004
6011269
6010730
6002403
6015865
6011791
6009123
6008764
6015583
6010423
6008785
6011123
6013185
6012217
6015782
6013147
6007608
6022049
6015848
6006270
6009491
6008612
T13419
T16385
6022330
6022344
6003513
6009686
6010080
6009996
T22086
6010743
6014067
6023598
6012166
T81968
T35685
T700983
6015525
6014419
T34723
T80773
6011172
6022175
6022177
6022182
6014735
6006148
6022180
T18331
6012949
6013043
6025243
6003761
6011056
6024658
6005621
6024994
6013207
6010889
6022065
6023769
6005592
6006660
6006435
6013304
6024565
6022309
6011977
6015817
6011813
6015913
6011591
T34992
T25009
T33459
6005363
6022660
T36003
T35547
T33790
T36430
6024111
T33581
T36173
T33880
T33840
T32853
6022105
T30488
T34122
T34301
6016126
T81425
6010010
6011755
6008550
T35812
T80977
T35559
6006051
T500045
T35185
T34229
T31508
T35632
6023417
T80291
T35136
T30387
T102803
T32246
T36054
6016109
6010481
6011247
T19904
T34201
T30113
T34182
T4334
T32288
T35692
T31531
6009493
T36652
T80806
T80235
6004302
6023645
6015479
6015082
6014506
6014630
6015430
6014498
6023969
6010694
6004927
6014010
6013920
6013943
6015079
6013646
6012645
6014258
6012562
6005064
6011064
T11252
6004635
6015305
6015289
6004813
6004559
6006807
6009480
6015466
6014772
6015506
6005788
6005445
6015126
6006526
6006341
6012834
6013922
6004539
6022770
6023966
6015568
6014376
6007171
6004232
6005868
6004249
6007578
6014486
6007255
6015308
6015168
6003835
6001147
T307504
6009978
6015761
6024709
6004142
TCLL0032
6001995
6002854
T307715
6012860
6014783
6013632
6002328
6022086
6004329
T500041
6016128
T11537
T35170
6001005
6010885
T34429
T34511
6012442
6013988
6004976
6005603
T102042
6022016
T501927
6013366
T300968
6014437
6004096
6004067
6006382
6014429
6013694
6013674
6006321
6005898
T502224
T34697
6007451
6011984
6010459
6003152
T501811
6006332
6011782
T501873
6014964
T500683
6003565
6003482
6007583
6011311
6002957
6011494
6008478
6006782
6003851
6011760
6011370
6001940
6002888
6012069
6004190
6003333
6005697
T500921
6014842
6003156
6016166
6023763
6027144
6027107
6026173
6025597
6025769
6025755
6025738
6027001
6025887
6027000
6025514
T81398
6025542
6025524
6026217
6025834
6026374
6025981
6015056
6015094
6026301
6026433
6026388
6025801
6026318
6027014
6026977
6027013
6026874
6026883
6025118
6026853
6026797
6026738
6026704
6026618
6026843
6026905
6026825
6026386
6025525
6025687
6025594
6025540
6025513
T36210
6025494
6025568
6026516
6027177
6027072
6027140
T303252
T303244
6014897
T307591
6022263
T33350
6006678
6007087
6001753
6001232
6001357
6012826
6012423
6001895
6001860
6013251
6016151
6013953
6012735
6012113
6006367
6012337
6013620
6007134
6005008
T302182
6012877
6002759
6004386
6001875
6022046
T307764
T36099
6022093
6001876
6012796
6016147
6001263
6000945
T302420
6012281
T33715
T307471
T303264
6013743
6009281
T33481
T33184
6024656
T35634
6004092
6009268
6015226
6015866
6010834
6007673
6022187
T36615
6004134
T36699
6002824
6006930
6024867
6014365
T33952
6009476
6003995
6005116
6025000
T81495
6003064
T81290
6011300
T33014
6006857
6013680
6014701
6023727
T31304
6013139
6006833
6022152
6022495
T33520
T307737
T32993
6024971
6015640
T35265
6023433
T101056
T30039
6022785
T34597
T19911
T34151
6016071
6014524
T35580
T100890
T34560
T35869
T3186
6005432
T81473
T81556
T81223
T33525
T4332
T36744
T81204
T35462
T31629
T31388
T102295
T36605
6016125
T36405
6015579
T32887
T13325
6012586
T36119
T33250
T32837
T35353
T32567
T36266
6023557
T81107
T80809
6008959
T200056
T34918
6013935
T102694
6003648
T33688
T33777
T81756
6009249
6008284
6008708
6011081
T12095
T303114
6007462
6009283
6008761
6011190
6008442
6011986
6011867
6015739
6001358
6010828
6015763
6022510
6009655
6010998
6015990
6010738
6009346
6015846
6009847
6015957
6022407
6022438
6010122
6015950
6008122
T12078
6009700
T19920
6006860
6008052
6007723
T15009
T16348
6013105
6011435
6022332
6011580
6015791
6011094
6011345
6009706
6011478
6010458
6010476
6011694
6015738
T500198
6010700
T32891
6002188
6006405
6025206
6011935
6010477
6003020
6003027
6011093
T502118
6003457
6003296
6010187
6010349
6002282
6003833
6002657
6011443
6014892
6016191
6014952
6011863
6003046
6014711
6014732
6009157
6015428
T502158
6011994
6011380
6014748
6004015
6015080
6003770
T502212
6005443
6014558
T11404
6015369
6012200
6004237
6005192
6014343
T31378
6006311
6005167
6007065
6014412
6013790
6014296
6015296
6014754
T11312
6023876
6006436
6015401
6006258
6022499
6007324
6009006
6015324
6012857
6007180
6024934
6015040
6015545
6013222
6010945
6015576
6012142
6004781
6004900
T33973
6001882
6010507
6006253
6012952
6023492
6014418
6006643
6015454
6007281
6014560
6015320
6015125
6008613
6013925
6015546
6006151
6006012
6003593
6015114
6015058
6025910
6026393
6025988
6024622
6025583
6025814
6026202
6025602
6025754
6025797
6026310
6025735
6003436
6025777
6026210
6026262
